%YAML:1.0
---
K: !!opencv-matrix
   rows: 3
   cols: 3
   dt: d
   data: [ 9.7627458270152147e+02, 0., 7.6680510760203924e+02, 0.,
       1.0023209358795094e+03, 5.3387102521952352e+02, 0., 0., 1. ]
D: !!opencv-matrix
   rows: 1
   cols: 5
   dt: d
   data: [ 8.8860115376319423e-02, -5.4393360165987159e-01,
       -5.3183205855496787e-03, 2.1834675585370691e-02,
       1.2262187479989204e+00 ]
